{
 "cells": [
  {
   "cell_type": "markdown",
   "metadata": {},
   "source": [
    "# Introduction\n",
    "\n",
    "In this exercise we will learn the basic usage of two widely used machine learning frameworks.\n",
    " * TMVA\n",
    " * sklearn\n",
    "\n",
    "We use a dataset from the Belle experiment. The Belle experiment was located in Tsukuba, Japan at the KEKB asymmetric electron-positron collider, which operated at a center of mass energy of 10.58 GeV.\n",
    "The decay D0 -> K- pi+ (pi0 -> gamma gamma) was reconstructed and simple cuts on the particle identification information and the kinematics were applied to reduce the combinatorical background.\n",
    "A mass-constrained vertex fit of the pi0 was performed, and an unconstrained vertex fit of the D0.\n",
    "\n",
    "Two datasets are provided:\n",
    " * csc_mc.root contains Monte Carlo simulated events\n",
    " * csc_data.root contains Detector Data"
   ]
  },
  {
   "cell_type": "code",
   "execution_count": 1,
   "metadata": {
    "collapsed": false
   },
   "outputs": [
    {
     "name": "stdout",
     "output_type": "stream",
     "text": [
      "/eos/user/c/csc01\n",
      "--2017-07-27 18:13:10--  http://ekpwww.ekp.kit.edu/~tkeck/csc_mc.root\n",
      "Resolving ekpwww.ekp.kit.edu... 129.13.101.178\n",
      "Connecting to ekpwww.ekp.kit.edu|129.13.101.178|:80... connected.\n",
      "HTTP request sent, awaiting response... 200 OK\n",
      "Length: 32880821 (31M)\n",
      "Saving to: “csc_mc.root”\n",
      "\n",
      "100%[======================================>] 32,880,821  23.9M/s   in 1.3s    \n",
      "\n",
      "2017-07-27 18:13:12 (23.9 MB/s) - “csc_mc.root” saved [32880821/32880821]\n",
      "\n",
      "--2017-07-27 18:13:12--  http://ekpwww.ekp.kit.edu/~tkeck/csc_data.root\n",
      "Reusing existing connection to ekpwww.ekp.kit.edu:80.\n",
      "HTTP request sent, awaiting response... 200 OK\n",
      "Length: 28276441 (27M)\n",
      "Saving to: “csc_data.root”\n",
      "\n",
      "100%[======================================>] 28,276,441  27.5M/s   in 1.0s    \n",
      "\n",
      "2017-07-27 18:13:13 (27.5 MB/s) - “csc_data.root” saved [28276441/28276441]\n",
      "\n",
      "FINISHED --2017-07-27 18:13:13--\n",
      "Downloaded: 2 files, 58M in 2.3s (25.4 MB/s)\n",
      "/eos/user/c/csc01\n",
      "Downloaded: 2 files, 58M in 2.3s (25.4 MB/s)\n"
     ]
    }
   ],
   "source": [
    "! rm csc_mc.root csc_data.root\n",
    "! wget http://ekpwww.ekp.kit.edu/~tkeck/csc_mc.root http://ekpwww.ekp.kit.edu/~tkeck/csc_data.root"
   ]
  },
  {
   "cell_type": "markdown",
   "metadata": {},
   "source": [
    "# TMVA\n",
    "\n",
    "TMVA is the multivariate analysis framework of the ROOT library.\n",
    "It includes many algorithms used in HEP.\n",
    "\n",
    "In this exercise we only cover the basics.\n",
    "For more advanced examples see:\n",
    "https://swan.web.cern.ch/content/machine-learning\n",
    "\n",
    "For TMVA there are basically two concepts:\n",
    " * TMVA::Factory is responsible for the algorithms\n",
    " * TMVA::DataLoader handles the data"
   ]
  },
  {
   "cell_type": "code",
   "execution_count": 1,
   "metadata": {
    "collapsed": true
   },
   "outputs": [],
   "source": [
    "TMVA::Tools::Instance();\n",
    "\n",
    "auto inputFile = TFile::Open(\"csc_mc.root\");\n",
    "auto outputFile = TFile::Open(\"output.root\", \"RECREATE\");\n",
    "\n",
    "TMVA::Factory factory(\"TMVAClassification\", outputFile,\n",
    "                      \"!V:ROC:!Correlations:!Silent:Color:!DrawProgressBar:AnalysisType=Classification\" );"
   ]
  },
  {
   "cell_type": "code",
   "execution_count": 2,
   "metadata": {
    "collapsed": true
   },
   "outputs": [],
   "source": [
    "TMVA::DataLoader loader(\"dataset\");\n",
    "loader.AddVariable(\"p\");\n",
    "loader.AddVariable(\"pt\");\n",
    "loader.AddVariable(\"pz\");\n",
    "loader.AddVariable(\"phi\");\n",
    "loader.AddVariable(\"chiProb\");\n",
    "loader.AddVariable(\"dr\");\n",
    "loader.AddVariable(\"dz\");\n",
    "loader.AddVariable(\"dphi\");\n",
    "loader.AddVariable(\"Kid0\");\n",
    "loader.AddVariable(\"Kid1\");\n",
    "loader.AddVariable(\"chiProb0\");\n",
    "loader.AddVariable(\"chiProb1\");\n",
    "loader.AddVariable(\"dr0\");\n",
    "loader.AddVariable(\"dr1\");\n",
    "loader.AddVariable(\"dz0\");\n",
    "loader.AddVariable(\"dz1\");\n",
    "loader.AddVariable(\"E0\");\n",
    "loader.AddVariable(\"E1\");\n",
    "loader.AddVariable(\"width0\");\n",
    "loader.AddVariable(\"width1\");\n",
    "loader.AddVariable(\"highestE0\");\n",
    "loader.AddVariable(\"highestE1\");\n",
    "loader.AddVariable(\"hits0\");\n",
    "loader.AddVariable(\"hits1\");\n",
    "loader.AddVariable(\"ratio0\");\n",
    "loader.AddVariable(\"ratio1\");\n",
    "loader.AddVariable(\"distance0\");\n",
    "loader.AddVariable(\"distance1\");\n",
    "loader.AddVariable(\"chiProb2\");"
   ]
  },
  {
   "cell_type": "code",
   "execution_count": 3,
   "metadata": {
    "collapsed": false
   },
   "outputs": [
    {
     "name": "stdout",
     "output_type": "stream",
     "text": [
      "Signal 6267\n",
      "Background 210436\n",
      "Total 216703\n"
     ]
    }
   ],
   "source": [
    "TTree *tree;\n",
    "inputFile->GetObject(\"tree\", tree);\n",
    "std::cout << \"Signal \" << tree->GetEntries(\"isSignal == 1\") << std::endl;\n",
    "std::cout << \"Background \" << tree->GetEntries(\"isSignal != 1\") << std::endl;\n",
    "std::cout << \"Total \" << tree->GetEntries() << std::endl;"
   ]
  },
  {
   "cell_type": "code",
   "execution_count": 4,
   "metadata": {
    "collapsed": false
   },
   "outputs": [
    {
     "name": "stdout",
     "output_type": "stream",
     "text": [
      "DataSetInfo              : [dataset] : Added class \"Signal\"\n",
      "                         : Add Tree tree of type Signal with 216703 events\n",
      "DataSetInfo              : [dataset] : Added class \"Background\"\n",
      "                         : Add Tree tree of type Background with 216703 events\n",
      "                         : Dataset[dataset] : Class index : 0  name : Signal\n",
      "                         : Dataset[dataset] : Class index : 1  name : Background\n"
     ]
    }
   ],
   "source": [
    "TCut cuts = \"isSignal == 1\";\n",
    "TCut cutb = \"isSignal != 1\";\n",
    "loader.SetInputTrees(tree, cuts, cutb);\n",
    "\n",
    "TCut cut;\n",
    "loader.PrepareTrainingAndTestTree(cut, \"nTrain_Signal=3130:nTrain_Background=105218:SplitMode=Random:NormMode=NumEvents:!V\" );"
   ]
  },
  {
   "cell_type": "code",
   "execution_count": 5,
   "metadata": {
    "collapsed": false
   },
   "outputs": [
    {
     "name": "stdout",
     "output_type": "stream",
     "text": [
      "Factory                  : Booking method: \u001b[1mBDT\u001b[0m\n",
      "                         : \n",
      "DataSetFactory           : [dataset] : Number of events in input trees\n",
      "                         : \n",
      "                         : \n",
      "                         : Number of training and testing events\n",
      "                         : ---------------------------------------------------------------------------\n",
      "                         : Signal     -- training events            : 3130\n",
      "                         : Signal     -- testing events             : 3137\n",
      "                         : Signal     -- training and testing events: 6267\n",
      "                         : Background -- training events            : 105218\n",
      "                         : Background -- testing events             : 105218\n",
      "                         : Background -- training and testing events: 210436\n",
      "                         : \n",
      "DataSetInfo              : Correlation matrix (Signal):\n",
      "                         : -------------------------------------------------------------------------------------------------------------------------------------------------------------------------------------------------------------------------------------------------------------\n",
      "                         :                  p      pt      pz     phi chiProb      dr      dz    dphi    Kid0    Kid1 chiProb0 chiProb1     dr0     dr1     dz0     dz1      E0      E1  width0  width1 highestE0 highestE1   hits0   hits1  ratio0  ratio1 distance0 distance1 chiProb2\n",
      "                         :         p:  +1.000  +0.799  +0.685  -0.019  -0.016  -0.036  -0.065  +0.047  -0.093  +0.186   +0.038   -0.009  -0.036  -0.037  -0.076  -0.076  +0.388  +0.377  +0.046  +0.060    +0.373    +0.358  +0.283  +0.275  -0.210  -0.219    -0.225    -0.209   +0.081\n",
      "                         :        pt:  +0.799  +1.000  +0.220  -0.013  -0.023  -0.048  -0.082  +0.067  -0.047  +0.104   +0.037   +0.026  -0.061  -0.074  -0.086  -0.091  +0.307  +0.299  -0.009  +0.017    +0.299    +0.278  +0.301  +0.290  -0.228  -0.247    -0.273    -0.283   +0.056\n",
      "                         :        pz:  +0.685  +0.220  +1.000  -0.006  -0.008  -0.009  -0.002  -0.006  -0.031  +0.167   -0.005   -0.051  -0.007  +0.005  -0.014  -0.019  +0.265  +0.266  +0.093  +0.061    +0.249    +0.259  +0.100  +0.111  -0.098  -0.088    -0.105    -0.065   +0.052\n",
      "                         :       phi:  -0.019  -0.013  -0.006  +1.000  +0.007  +0.113  -0.014  +0.116  +0.022  -0.018   -0.002   +0.026  +0.070  +0.067  -0.031  -0.020  -0.019  +0.001  +0.026  +0.007    -0.021    -0.004  +0.012  +0.011  +0.001  +0.015    +0.011    +0.015   -0.040\n",
      "                         :   chiProb:  -0.016  -0.023  -0.008  +0.007  +1.000  +0.021  -0.019  -0.001  -0.008  -0.032   +0.001   +0.005  +0.014  -0.054  -0.017  -0.006  +0.020  +0.040  -0.011  +0.005    +0.020    +0.032  +0.016  +0.024  -0.012  -0.023    +0.018    +0.011   +0.036\n",
      "                         :        dr:  -0.036  -0.048  -0.009  +0.113  +0.021  +1.000  -0.052  +0.099  +0.009  -0.019   -0.003   +0.011  +0.369  +0.351  -0.057  -0.028  +0.034  -0.007  -0.007  +0.006    +0.035    -0.004  +0.105  +0.079  -0.024  -0.013    +0.073    +0.060   -0.018\n",
      "                         :        dz:  -0.065  -0.082  -0.002  -0.014  -0.019  -0.052  +1.000  -0.392  -0.005  -0.017   -0.006   -0.047  -0.068  -0.024  +0.919  +0.850  -0.022  +0.017  -0.030  -0.074    -0.019    +0.028  -0.224  -0.185  +0.001  +0.009    +0.021    +0.023   -0.027\n",
      "                         :      dphi:  +0.047  +0.067  -0.006  +0.116  -0.001  +0.099  -0.392  +1.000  -0.032  +0.001   -0.020   +0.052  +0.057  +0.051  -0.363  -0.313  -0.006  +0.010  +0.041  +0.074    -0.008    -0.002  +0.288  +0.282  -0.036  -0.019    -0.003    -0.002   +0.008\n",
      "                         :      Kid0:  -0.093  -0.047  -0.031  +0.022  -0.008  +0.009  -0.005  -0.032  +1.000  -0.001   -0.021   +0.027  -0.013  -0.036  -0.008  -0.003  +0.009  +0.030  +0.012  -0.005    -0.003    +0.031  +0.006  -0.004  -0.003  +0.009    -0.039    -0.043   -0.008\n",
      "                         :      Kid1:  +0.186  +0.104  +0.167  -0.018  -0.032  -0.019  -0.017  +0.001  -0.001  +1.000   -0.003   -0.006  +0.001  -0.016  -0.021  -0.017  -0.030  -0.048  +0.019  +0.012    -0.028    -0.047  -0.029  -0.050  +0.035  +0.020    -0.074    -0.075   +0.020\n",
      "                         :  chiProb0:  +0.038  +0.037  -0.005  -0.002  +0.001  -0.003  -0.006  -0.020  -0.021  -0.003   +1.000   +0.007  -0.021  +0.026  +0.001  -0.013  +0.010  +0.008  -0.039  -0.010    +0.017    +0.006  -0.018  -0.024  +0.002  +0.006    -0.039    -0.021   +0.033\n",
      "                         :  chiProb1:  -0.009  +0.026  -0.051  +0.026  +0.005  +0.011  -0.047  +0.052  +0.027  -0.006   +0.007   +1.000  +0.041  +0.004  -0.036  -0.052  +0.011  -0.031  -0.017  +0.013    +0.018    -0.031  +0.031  +0.002  +0.019  +0.035    -0.027    -0.024   +0.018\n",
      "                         :       dr0:  -0.036  -0.061  -0.007  +0.070  +0.014  +0.369  -0.068  +0.057  -0.013  +0.001   -0.021   +0.041  +1.000  +0.143  -0.107  -0.060  -0.002  +0.016  -0.013  +0.028    -0.004    +0.013  +0.051  +0.073  +0.008  -0.022    +0.048    +0.042   -0.015\n",
      "                         :       dr1:  -0.037  -0.074  +0.005  +0.067  -0.054  +0.351  -0.024  +0.051  -0.036  -0.016   +0.026   +0.004  +0.143  +1.000  -0.030  +0.029  +0.025  +0.022  -0.002  -0.010    +0.028    +0.018  +0.061  +0.052  -0.006  +0.015    +0.082    +0.078   +0.004\n",
      "                         :       dz0:  -0.076  -0.086  -0.014  -0.031  -0.017  -0.057  +0.919  -0.363  -0.008  -0.021   +0.001   -0.036  -0.107  -0.030  +1.000  +0.776  -0.033  +0.009  -0.035  -0.074    -0.029    +0.020  -0.220  -0.187  +0.016  +0.016    +0.013    +0.008   -0.013\n",
      "                         :       dz1:  -0.076  -0.091  -0.019  -0.020  -0.006  -0.028  +0.850  -0.313  -0.003  -0.017   -0.013   -0.052  -0.060  +0.029  +0.776  +1.000  -0.034  +0.009  -0.034  -0.054    -0.031    +0.017  -0.202  -0.157  +0.012  +0.030    +0.030    +0.029   -0.037\n",
      "                         :        E0:  +0.388  +0.307  +0.265  -0.019  +0.020  +0.034  -0.022  -0.006  +0.009  -0.030   +0.010   +0.011  -0.002  +0.025  -0.033  -0.034  +1.000  +0.016  +0.005  +0.044    +0.956    +0.016  +0.647  +0.057  -0.187  -0.399    -0.063    -0.058   +0.090\n",
      "                         :        E1:  +0.377  +0.299  +0.266  +0.001  +0.040  -0.007  +0.017  +0.010  +0.030  -0.048   +0.008   -0.031  +0.016  +0.022  +0.009  +0.009  +0.016  +1.000  +0.059  +0.034    +0.010    +0.954  +0.057  +0.640  -0.371  -0.175    -0.048    -0.036   +0.120\n",
      "                         :    width0:  +0.046  -0.009  +0.093  +0.026  -0.011  -0.007  -0.030  +0.041  +0.012  +0.019   -0.039   -0.017  -0.013  -0.002  -0.035  -0.034  +0.005  +0.059  +1.000  +0.050    -0.174    +0.056  +0.246  +0.034  -0.170  +0.006    +0.028    -0.002   -0.045\n",
      "                         :    width1:  +0.060  +0.017  +0.061  +0.007  +0.005  +0.006  -0.074  +0.074  -0.005  +0.012   -0.010   +0.013  +0.028  -0.010  -0.074  -0.054  +0.044  +0.034  +0.050  +1.000    +0.049    -0.152  +0.041  +0.283  -0.014  -0.163    +0.016    +0.015   -0.032\n",
      "                         : highestE0:  +0.373  +0.299  +0.249  -0.021  +0.020  +0.035  -0.019  -0.008  -0.003  -0.028   +0.017   +0.018  -0.004  +0.028  -0.029  -0.031  +0.956  +0.010  -0.174  +0.049    +1.000    +0.010  +0.604  +0.052  -0.161  -0.382    -0.065    -0.061   +0.091\n",
      "                         : highestE1:  +0.358  +0.278  +0.259  -0.004  +0.032  -0.004  +0.028  -0.002  +0.031  -0.047   +0.006   -0.031  +0.013  +0.018  +0.020  +0.017  +0.016  +0.954  +0.056  -0.152    +0.010    +1.000  +0.058  +0.596  -0.339  -0.147    -0.039    -0.025   +0.125\n",
      "                         :     hits0:  +0.283  +0.301  +0.100  +0.012  +0.016  +0.105  -0.224  +0.288  +0.006  -0.029   -0.018   +0.031  +0.051  +0.061  -0.220  -0.202  +0.647  +0.057  +0.246  +0.041    +0.604    +0.058  +1.000  +0.282  -0.205  -0.208    -0.055    -0.040   +0.055\n",
      "                         :     hits1:  +0.275  +0.290  +0.111  +0.011  +0.024  +0.079  -0.185  +0.282  -0.004  -0.050   -0.024   +0.002  +0.073  +0.052  -0.187  -0.157  +0.057  +0.640  +0.034  +0.283    +0.052    +0.596  +0.282  +1.000  -0.209  -0.232    -0.031    -0.019   +0.081\n",
      "                         :    ratio0:  -0.210  -0.228  -0.098  +0.001  -0.012  -0.024  +0.001  -0.036  -0.003  +0.035   +0.002   +0.019  +0.008  -0.006  +0.016  +0.012  -0.187  -0.371  -0.170  -0.014    -0.161    -0.339  -0.205  -0.209  +1.000  +0.520    +0.058    +0.044   +0.007\n",
      "                         :    ratio1:  -0.219  -0.247  -0.088  +0.015  -0.023  -0.013  +0.009  -0.019  +0.009  +0.020   +0.006   +0.035  -0.022  +0.015  +0.016  +0.030  -0.399  -0.175  +0.006  -0.163    -0.382    -0.147  -0.208  -0.232  +0.520  +1.000    +0.049    +0.047   +0.005\n",
      "                         : distance0:  -0.225  -0.273  -0.105  +0.011  +0.018  +0.073  +0.021  -0.003  -0.039  -0.074   -0.039   -0.027  +0.048  +0.082  +0.013  +0.030  -0.063  -0.048  +0.028  +0.016    -0.065    -0.039  -0.055  -0.031  +0.058  +0.049    +1.000    +0.810   -0.007\n",
      "                         : distance1:  -0.209  -0.283  -0.065  +0.015  +0.011  +0.060  +0.023  -0.002  -0.043  -0.075   -0.021   -0.024  +0.042  +0.078  +0.008  +0.029  -0.058  -0.036  -0.002  +0.015    -0.061    -0.025  -0.040  -0.019  +0.044  +0.047    +0.810    +1.000   -0.016\n",
      "                         :  chiProb2:  +0.081  +0.056  +0.052  -0.040  +0.036  -0.018  -0.027  +0.008  -0.008  +0.020   +0.033   +0.018  -0.015  +0.004  -0.013  -0.037  +0.090  +0.120  -0.045  -0.032    +0.091    +0.125  +0.055  +0.081  +0.007  +0.005    -0.007    -0.016   +1.000\n",
      "                         : -------------------------------------------------------------------------------------------------------------------------------------------------------------------------------------------------------------------------------------------------------------\n",
      "DataSetInfo              : Correlation matrix (Background):\n",
      "                         : -------------------------------------------------------------------------------------------------------------------------------------------------------------------------------------------------------------------------------------------------------------\n",
      "                         :                  p      pt      pz     phi chiProb      dr      dz    dphi    Kid0    Kid1 chiProb0 chiProb1     dr0     dr1     dz0     dz1      E0      E1  width0  width1 highestE0 highestE1   hits0   hits1  ratio0  ratio1 distance0 distance1 chiProb2\n",
      "                         :         p:  +1.000  +0.750  +0.730  -0.005  +0.002  -0.037  -0.020  +0.015  -0.070  +0.145   +0.007   +0.008  -0.015  -0.025  -0.017  -0.017  +0.402  +0.370  +0.040  +0.030    +0.375    +0.348  +0.211  +0.191  -0.070  -0.075    -0.048    -0.053   +0.070\n",
      "                         :        pt:  +0.750  +1.000  +0.199  -0.006  +0.002  -0.038  -0.022  +0.025  -0.013  +0.058   +0.038   +0.023  -0.016  -0.028  -0.020  -0.019  +0.298  +0.306  +0.005  -0.011    +0.279    +0.287  +0.205  +0.204  -0.064  -0.079    -0.060    -0.074   +0.069\n",
      "                         :        pz:  +0.730  +0.199  +1.000  +0.001  -0.003  -0.026  -0.006  +0.006  -0.032  +0.141   -0.037   -0.014  -0.009  -0.025  -0.004  -0.004  +0.305  +0.249  +0.063  +0.050    +0.281    +0.233  +0.112  +0.089  -0.045  -0.037    -0.045    -0.038   +0.034\n",
      "                         :       phi:  -0.005  -0.006  +0.001  +1.000  -0.003  +0.009  -0.001  +0.007  -0.003  +0.000   -0.003   +0.002  +0.023  +0.012  -0.009  -0.006  -0.005  -0.006  -0.004  -0.001    -0.005    -0.005  -0.003  +0.001  +0.005  -0.005    -0.003    -0.004   -0.004\n",
      "                         :   chiProb:  +0.002  +0.002  -0.003  -0.003  +1.000  -0.018  -0.019  +0.008  -0.005  -0.002   +0.009   +0.012  -0.045  -0.054  -0.018  -0.020  +0.008  +0.004  +0.004  -0.002    +0.006    +0.003  +0.012  +0.003  -0.002  -0.001    +0.007    +0.007   -0.000\n",
      "                         :        dr:  -0.037  -0.038  -0.026  +0.009  -0.018  +1.000  -0.025  -0.038  -0.003  -0.002   -0.003   +0.010  +0.337  +0.400  +0.002  -0.026  +0.023  +0.015  -0.000  +0.004    +0.025    +0.015  +0.043  +0.041  -0.005  -0.006    +0.025    +0.025   +0.006\n",
      "                         :        dz:  -0.020  -0.022  -0.006  -0.001  -0.019  -0.025  +1.000  -0.360  +0.005  -0.001   +0.001   -0.017  -0.022  -0.028  +0.854  +0.837  -0.007  -0.005  -0.040  -0.042    -0.005    -0.002  -0.198  -0.198  +0.023  +0.026    -0.007    -0.001   -0.008\n",
      "                         :      dphi:  +0.015  +0.025  +0.006  +0.007  +0.008  -0.038  -0.360  +1.000  +0.002  -0.001   -0.010   +0.018  +0.004  -0.001  -0.302  -0.295  -0.008  -0.003  +0.061  +0.054    -0.007    -0.002  +0.302  +0.301  -0.035  -0.031    +0.009    +0.003   +0.003\n",
      "                         :      Kid0:  -0.070  -0.013  -0.032  -0.003  -0.005  -0.003  +0.005  +0.002  +1.000  +0.012   +0.012   -0.013  -0.007  -0.010  +0.002  +0.003  +0.019  +0.020  +0.001  -0.002    +0.020    +0.018  +0.021  +0.016  +0.001  +0.005    -0.012    -0.013   +0.003\n",
      "                         :      Kid1:  +0.145  +0.058  +0.141  +0.000  -0.002  -0.002  -0.001  -0.001  +0.012  +1.000   -0.012   -0.029  +0.008  -0.010  +0.002  +0.001  -0.028  -0.036  +0.001  +0.001    -0.026    -0.034  -0.026  -0.028  +0.005  +0.005    +0.000    +0.006   -0.008\n",
      "                         :  chiProb0:  +0.007  +0.038  -0.037  -0.003  +0.009  -0.003  +0.001  -0.010  +0.012  -0.012   +1.000   +0.019  -0.024  +0.015  -0.004  -0.002  -0.018  -0.016  -0.003  -0.003    -0.017    -0.013  -0.026  -0.025  -0.001  +0.005    +0.001    -0.001   -0.001\n",
      "                         :  chiProb1:  +0.008  +0.023  -0.014  +0.002  +0.012  +0.010  -0.017  +0.018  -0.013  -0.029   +0.019   +1.000  +0.017  -0.004  -0.016  -0.021  -0.009  -0.004  +0.002  +0.004    -0.008    -0.005  +0.006  +0.007  +0.003  +0.005    -0.003    -0.009   +0.004\n",
      "                         :       dr0:  -0.015  -0.016  -0.009  +0.023  -0.045  +0.337  -0.022  +0.004  -0.007  +0.008   -0.024   +0.017  +1.000  +0.134  +0.003  -0.020  +0.032  +0.030  -0.001  +0.006    +0.032    +0.029  +0.054  +0.049  +0.000  -0.001    +0.029    +0.022   +0.009\n",
      "                         :       dr1:  -0.025  -0.028  -0.025  +0.012  -0.054  +0.400  -0.028  -0.001  -0.010  -0.010   +0.015   -0.004  +0.134  +1.000  -0.013  -0.027  +0.029  +0.024  +0.004  +0.002    +0.029    +0.025  +0.050  +0.048  -0.005  -0.002    +0.044    +0.046   +0.010\n",
      "                         :       dz0:  -0.017  -0.020  -0.004  -0.009  -0.018  +0.002  +0.854  -0.302  +0.002  +0.002   -0.004   -0.016  +0.003  -0.013  +1.000  +0.711  -0.004  -0.004  -0.036  -0.034    -0.003    -0.001  -0.165  -0.164  +0.020  +0.021    -0.010    -0.005   -0.007\n",
      "                         :       dz1:  -0.017  -0.019  -0.004  -0.006  -0.020  -0.026  +0.837  -0.295  +0.003  +0.001   -0.002   -0.021  -0.020  -0.027  +0.711  +1.000  -0.006  -0.001  -0.033  -0.036    -0.004    +0.001  -0.162  -0.162  +0.017  +0.022    -0.008    -0.001   -0.006\n",
      "                         :        E0:  +0.402  +0.298  +0.305  -0.005  +0.008  +0.023  -0.007  -0.008  +0.019  -0.028   -0.018   -0.009  +0.032  +0.029  -0.004  -0.006  +1.000  +0.069  +0.056  +0.016    +0.934    +0.066  +0.599  +0.034  -0.092  -0.107    -0.002    -0.003   +0.100\n",
      "                         :        E1:  +0.370  +0.306  +0.249  -0.006  +0.004  +0.015  -0.005  -0.003  +0.020  -0.036   -0.016   -0.004  +0.030  +0.024  -0.004  -0.001  +0.069  +1.000  +0.017  +0.056    +0.066    +0.934  +0.047  +0.589  -0.113  -0.097    -0.004    -0.005   +0.096\n",
      "                         :    width0:  +0.040  +0.005  +0.063  -0.004  +0.004  -0.000  -0.040  +0.061  +0.001  +0.001   -0.003   +0.002  -0.001  +0.004  -0.036  -0.033  +0.056  +0.017  +1.000  +0.071    -0.183    +0.003  +0.347  +0.043  -0.361  -0.048    -0.018    -0.033   -0.068\n",
      "                         :    width1:  +0.030  -0.011  +0.050  -0.001  -0.002  +0.004  -0.042  +0.054  -0.002  +0.001   -0.003   +0.004  +0.006  +0.002  -0.034  -0.036  +0.016  +0.056  +0.071  +1.000    +0.004    -0.185  +0.042  +0.340  -0.042  -0.374    -0.002    -0.023   -0.076\n",
      "                         : highestE0:  +0.375  +0.279  +0.281  -0.005  +0.006  +0.025  -0.005  -0.007  +0.020  -0.026   -0.017   -0.008  +0.032  +0.029  -0.003  -0.004  +0.934  +0.066  -0.183  +0.004    +1.000    +0.066  +0.528  +0.031  -0.005  -0.083    +0.009    +0.002   +0.115\n",
      "                         : highestE1:  +0.348  +0.287  +0.233  -0.005  +0.003  +0.015  -0.002  -0.002  +0.018  -0.034   -0.013   -0.005  +0.029  +0.025  -0.001  +0.001  +0.066  +0.934  +0.003  -0.185    +0.066    +1.000  +0.042  +0.521  -0.091  -0.010    +0.003    +0.007   +0.113\n",
      "                         :     hits0:  +0.211  +0.205  +0.112  -0.003  +0.012  +0.043  -0.198  +0.302  +0.021  -0.026   -0.026   +0.006  +0.054  +0.050  -0.165  -0.162  +0.599  +0.047  +0.347  +0.042    +0.528    +0.042  +1.000  +0.262  -0.213  -0.078    +0.012    +0.012   +0.064\n",
      "                         :     hits1:  +0.191  +0.204  +0.089  +0.001  +0.003  +0.041  -0.198  +0.301  +0.016  -0.028   -0.025   +0.007  +0.049  +0.048  -0.164  -0.162  +0.034  +0.589  +0.043  +0.340    +0.031    +0.521  +0.262  +1.000  -0.067  -0.220    +0.004    +0.000   +0.054\n",
      "                         :    ratio0:  -0.070  -0.064  -0.045  +0.005  -0.002  -0.005  +0.023  -0.035  +0.001  +0.005   -0.001   +0.003  +0.000  -0.005  +0.020  +0.017  -0.092  -0.113  -0.361  -0.042    -0.005    -0.091  -0.213  -0.067  +1.000  +0.178    +0.071    +0.026   +0.075\n",
      "                         :    ratio1:  -0.075  -0.079  -0.037  -0.005  -0.001  -0.006  +0.026  -0.031  +0.005  +0.005   +0.005   +0.005  -0.001  -0.002  +0.021  +0.022  -0.107  -0.097  -0.048  -0.374    -0.083    -0.010  -0.078  -0.220  +0.178  +1.000    +0.035    +0.078   +0.076\n",
      "                         : distance0:  -0.048  -0.060  -0.045  -0.003  +0.007  +0.025  -0.007  +0.009  -0.012  +0.000   +0.001   -0.003  +0.029  +0.044  -0.010  -0.008  -0.002  -0.004  -0.018  -0.002    +0.009    +0.003  +0.012  +0.004  +0.071  +0.035    +1.000    +0.718   +0.019\n",
      "                         : distance1:  -0.053  -0.074  -0.038  -0.004  +0.007  +0.025  -0.001  +0.003  -0.013  +0.006   -0.001   -0.009  +0.022  +0.046  -0.005  -0.001  -0.003  -0.005  -0.033  -0.023    +0.002    +0.007  +0.012  +0.000  +0.026  +0.078    +0.718    +1.000   +0.021\n",
      "                         :  chiProb2:  +0.070  +0.069  +0.034  -0.004  -0.000  +0.006  -0.008  +0.003  +0.003  -0.008   -0.001   +0.004  +0.009  +0.010  -0.007  -0.006  +0.100  +0.096  -0.068  -0.076    +0.115    +0.113  +0.064  +0.054  +0.075  +0.076    +0.019    +0.021   +1.000\n",
      "                         : -------------------------------------------------------------------------------------------------------------------------------------------------------------------------------------------------------------------------------------------------------------\n",
      "DataSetFactory           : [dataset] :  \n",
      "                         : \n"
     ]
    }
   ],
   "source": [
    "factory.BookMethod(&loader,TMVA::Types::kBDT, \"BDT\",\n",
    "                   \"!V:NTrees=100:MinNodeSize=2.5%:MaxDepth=3:BoostType=AdaBoost:UseBaggedBoost:BaggedSampleFraction=0.5:SeparationType=GiniIndex:nCuts=128\" );"
   ]
  },
  {
   "cell_type": "code",
   "execution_count": 6,
   "metadata": {
    "collapsed": false
   },
   "outputs": [
    {
     "name": "stdout",
     "output_type": "stream",
     "text": [
      "Factory                  : \u001b[1mTrain all methods\u001b[0m\n",
      "Factory                  : [dataset] : Create Transformation \"I\" with events from all classes.\n",
      "                         : \n",
      "                         : Transformation, Variable selection : \n",
      "                         : Input : variable 'p' <---> Output : variable 'p'\n",
      "                         : Input : variable 'pt' <---> Output : variable 'pt'\n",
      "                         : Input : variable 'pz' <---> Output : variable 'pz'\n",
      "                         : Input : variable 'phi' <---> Output : variable 'phi'\n",
      "                         : Input : variable 'chiProb' <---> Output : variable 'chiProb'\n",
      "                         : Input : variable 'dr' <---> Output : variable 'dr'\n",
      "                         : Input : variable 'dz' <---> Output : variable 'dz'\n",
      "                         : Input : variable 'dphi' <---> Output : variable 'dphi'\n",
      "                         : Input : variable 'Kid0' <---> Output : variable 'Kid0'\n",
      "                         : Input : variable 'Kid1' <---> Output : variable 'Kid1'\n",
      "                         : Input : variable 'chiProb0' <---> Output : variable 'chiProb0'\n",
      "                         : Input : variable 'chiProb1' <---> Output : variable 'chiProb1'\n",
      "                         : Input : variable 'dr0' <---> Output : variable 'dr0'\n",
      "                         : Input : variable 'dr1' <---> Output : variable 'dr1'\n",
      "                         : Input : variable 'dz0' <---> Output : variable 'dz0'\n",
      "                         : Input : variable 'dz1' <---> Output : variable 'dz1'\n",
      "                         : Input : variable 'E0' <---> Output : variable 'E0'\n",
      "                         : Input : variable 'E1' <---> Output : variable 'E1'\n",
      "                         : Input : variable 'width0' <---> Output : variable 'width0'\n",
      "                         : Input : variable 'width1' <---> Output : variable 'width1'\n",
      "                         : Input : variable 'highestE0' <---> Output : variable 'highestE0'\n",
      "                         : Input : variable 'highestE1' <---> Output : variable 'highestE1'\n",
      "                         : Input : variable 'hits0' <---> Output : variable 'hits0'\n",
      "                         : Input : variable 'hits1' <---> Output : variable 'hits1'\n",
      "                         : Input : variable 'ratio0' <---> Output : variable 'ratio0'\n",
      "                         : Input : variable 'ratio1' <---> Output : variable 'ratio1'\n",
      "                         : Input : variable 'distance0' <---> Output : variable 'distance0'\n",
      "                         : Input : variable 'distance1' <---> Output : variable 'distance1'\n",
      "                         : Input : variable 'chiProb2' <---> Output : variable 'chiProb2'\n",
      "TFHandler_Factory        :  Variable         Mean         RMS   [        Min         Max ]\n",
      "                         : ----------------------------------------------------------------\n",
      "                         :         p:     1.5793    0.84290   [   0.030744     6.8374 ]\n",
      "                         :        pt:     1.0104    0.66307   [  0.0013688     4.9577 ]\n",
      "                         :        pz:    0.98154    0.88367   [    -2.7916     6.1572 ]\n",
      "                         :       phi: -0.0042183     1.7757   [    -3.1416     3.1414 ]\n",
      "                         :   chiProb:    0.48988    0.26352   [    0.10001    0.99998 ]\n",
      "                         :        dr:   0.063762   0.039572   [ 0.00061469     3.6479 ]\n",
      "                         :        dz:  -0.093461    0.29143   [    -3.5123     3.3830 ]\n",
      "                         :      dphi:    0.63410    0.67723   [    -3.1412     3.1405 ]\n",
      "                         :      Kid0:    0.83470    0.25315   [    0.20000     1.0000 ]\n",
      "                         :      Kid1:  0.0057161   0.022363   [ 1.4772e-08    0.19999 ]\n",
      "                         :  chiProb0:    0.24269    0.29395   [     0.0000    0.99999 ]\n",
      "                         :  chiProb1:    0.25727    0.30048   [     0.0000     1.0000 ]\n",
      "                         :       dr0:   0.043430   0.047164   [ 8.1965e-07     1.9673 ]\n",
      "                         :       dr1:   0.044820   0.049718   [ 3.7378e-08     1.9002 ]\n",
      "                         :       dz0:  -0.092263    0.34096   [    -3.9985     3.9676 ]\n",
      "                         :       dz1:  -0.093482    0.34850   [    -3.9650     3.9703 ]\n",
      "                         :        E0:    0.47591    0.29794   [    0.20000     4.3864 ]\n",
      "                         :        E1:    0.45014    0.27652   [    0.20000     3.7224 ]\n",
      "                         :    width0:     4.0031    0.88644   [     0.0000     10.603 ]\n",
      "                         :    width1:     3.9728    0.87027   [     0.0000     11.242 ]\n",
      "                         : highestE0:    0.32484    0.21542   [   0.053970     3.0789 ]\n",
      "                         : highestE1:    0.30880    0.20164   [   0.054679     3.0526 ]\n",
      "                         :     hits0:     10.049     3.3578   [     1.0000     25.000 ]\n",
      "                         :     hits1:     9.9296     3.2512   [     1.0000     25.000 ]\n",
      "                         :    ratio0:    0.95665   0.058613   [    0.16072     1.0000 ]\n",
      "                         :    ratio1:    0.95934   0.055307   [    0.16072     1.0000 ]\n",
      "                         : distance0:     101.88     52.375   [    0.30715     999.90 ]\n",
      "                         : distance1:     102.89     53.870   [    0.54262     999.90 ]\n",
      "                         :  chiProb2:    0.70921    0.28514   [    0.10000     1.0000 ]\n",
      "                         : ----------------------------------------------------------------\n",
      "                         : \u001b[32m\n",
      "                         : <PlotVariables> Will not produce scatter plots ==> \n",
      "                         : |  The number of 29 input variables and 0 target values would require 406 two-dimensional\n",
      "                         : |  histograms, which would occupy the computer's memory. Note that this\n",
      "                         : |  suppression does not have any consequences for your analysis, other\n",
      "                         : |  than not disposing of these scatter plots. You can modify the maximum\n",
      "                         : |  number of input variables allowed to generate scatter plots in your\n",
      "                         : |  script via the command line:\n",
      "                         : |  \"(TMVA::gConfig().GetVariablePlotting()).fMaxNumOfAllowedVariablesForScatterPlots = <some int>;\"\u001b[0m\n",
      "                         : \n",
      "                         : Some more output\n",
      "                         : Ranking input variables (method unspecific)...\n",
      "IdTransformation         : Ranking result (top variable is best ranked)\n",
      "                         : ----------------------------------\n",
      "                         : Rank : Variable  : Separation\n",
      "                         : ----------------------------------\n",
      "                         :    1 : pt        : 2.184e-01\n",
      "                         :    2 : p         : 1.743e-01\n",
      "                         :    3 : pz        : 7.312e-02\n",
      "                         :    4 : Kid0      : 6.751e-02\n",
      "                         :    5 : E0        : 6.731e-02\n",
      "                         :    6 : highestE0 : 6.645e-02\n",
      "                         :    7 : highestE1 : 6.164e-02\n",
      "                         :    8 : E1        : 6.073e-02\n",
      "                         :    9 : hits0     : 5.042e-02\n",
      "                         :   10 : hits1     : 4.068e-02\n",
      "                         :   11 : chiProb2  : 2.921e-02\n",
      "                         :   12 : distance0 : 1.167e-02\n",
      "                         :   13 : dphi      : 1.061e-02\n",
      "                         :   14 : width0    : 9.500e-03\n",
      "                         :   15 : distance1 : 9.152e-03\n",
      "                         :   16 : ratio0    : 8.875e-03\n",
      "                         :   17 : ratio1    : 8.618e-03\n",
      "                         :   18 : width1    : 8.487e-03\n",
      "                         :   19 : dr        : 6.850e-03\n",
      "                         :   20 : dr1       : 5.120e-03\n",
      "                         :   21 : chiProb0  : 5.051e-03\n",
      "                         :   22 : Kid1      : 4.813e-03\n",
      "                         :   23 : chiProb1  : 4.412e-03\n",
      "                         :   24 : chiProb   : 4.108e-03\n",
      "                         :   25 : phi       : 3.935e-03\n",
      "                         :   26 : dz0       : 3.498e-03\n",
      "                         :   27 : dr0       : 2.781e-03\n",
      "                         :   28 : dz1       : 2.243e-03\n",
      "                         :   29 : dz        : 1.135e-03\n",
      "                         : ----------------------------------\n",
      "Factory                  : Train method: BDT for Classification\n",
      "                         : \n",
      "BDT                      : #events: (reweighted) sig: 54174 bkg: 54174\n",
      "                         : #events: (unweighted) sig: 3130 bkg: 105218\n",
      "                         : Training 100 Decision Trees ... patience please\n",
      "                         : Elapsed time for training with 108348 events: \u001b[1;31m12.2 sec\u001b[0m         \n",
      "BDT                      : [dataset] : Evaluation of BDT on training sample (108348 events)\n",
      "                         : Elapsed time for evaluation of 108348 events: \u001b[1;31m0.835 sec\u001b[0m       \n",
      "                         : Creating xml weight file: \u001b[0;36mdataset/weights/TMVAClassification_BDT.weights.xml\u001b[0m\n",
      "                         : Creating standalone class: \u001b[0;36mdataset/weights/TMVAClassification_BDT.class.C\u001b[0m\n",
      "Factory                  : Training finished\n",
      "                         : \n",
      "                         : Ranking input variables (method specific)...\n",
      "BDT                      : Ranking result (top variable is best ranked)\n",
      "                         : -------------------------------------------\n",
      "                         : Rank : Variable  : Variable Importance\n",
      "                         : -------------------------------------------\n",
      "                         :    1 : pt        : 1.041e-01\n",
      "                         :    2 : Kid0      : 7.890e-02\n",
      "                         :    3 : p         : 6.385e-02\n",
      "                         :    4 : dphi      : 5.980e-02\n",
      "                         :    5 : pz        : 5.214e-02\n",
      "                         :    6 : chiProb2  : 5.057e-02\n",
      "                         :    7 : phi       : 3.916e-02\n",
      "                         :    8 : distance0 : 3.864e-02\n",
      "                         :    9 : width1    : 3.731e-02\n",
      "                         :   10 : hits0     : 3.638e-02\n",
      "                         :   11 : width0    : 3.591e-02\n",
      "                         :   12 : distance1 : 3.490e-02\n",
      "                         :   13 : E0        : 3.221e-02\n",
      "                         :   14 : chiProb   : 3.154e-02\n",
      "                         :   15 : highestE1 : 3.108e-02\n",
      "                         :   16 : ratio1    : 3.034e-02\n",
      "                         :   17 : dz        : 2.580e-02\n",
      "                         :   18 : chiProb0  : 2.502e-02\n",
      "                         :   19 : dr        : 2.487e-02\n",
      "                         :   20 : hits1     : 2.444e-02\n",
      "                         :   21 : E1        : 2.416e-02\n",
      "                         :   22 : ratio0    : 2.392e-02\n",
      "                         :   23 : highestE0 : 2.338e-02\n",
      "                         :   24 : dr0       : 2.025e-02\n",
